input,rand_x,rand_y,abs_rel,sq_rel,rms_sq_lin,rms_sq_log,d1,d2,d3
308ed5f320429e1295db6c872b27ad0b1_color_0_Left_Down_0.0,-22.58277860747475,81.12857515378491,0.27701833844184875,0.2180495709180832,0.6471500992774963,0.16065290570259094,0.3439874053001404,0.7062132358551025,0.9339942336082458
83_fa5f164b48f043c6b2b0bb9e8631a4821_color_0_Left_Down_0.0,41.75890952605292,17.758527155466595,0.1721327155828476,0.07489418983459473,0.1374330222606659,0.05681697279214859,0.7061634659767151,0.9215705990791321,0.9885048270225525
76_e0166dba74ee42fd80fccc26fe3f02c81_color_0_Left_Down_0.0,-61.916644720361425,-61.92098633948352,0.16228991746902466,0.11792422086000443,0.4103589951992035,0.06310197710990906,0.7765792608261108,0.9296461939811707,0.9643574357032776
153_fa5f164b48f043c6b2b0bb9e8631a4821_color_0_Left_Down_0.0,-79.5449498097241,65.91170623948832,0.5833867192268372,0.6791194677352905,0.9953070282936096,0.247176855802536,0.2187497615814209,0.5870371460914612,0.8189119100570679
169_fa5f164b48f043c6b2b0bb9e8631a4821_color_0_Left_Down_0.0,18.20070211377758,37.45306400328819,0.21205833554267883,0.1354047805070877,0.2721139192581177,0.07640780508518219,0.593200147151947,0.9051059484481812,0.9773923754692078
50_a641c3f4647545a2a4f5c50f5f5fbb571_color_0_Left_Down_0.0,-86.29479102675556,84.58377338915898,0.170149028301239,0.10647596418857574,0.3502170741558075,0.053639184683561325,0.7106549143791199,0.939788818359375,0.9919331073760986
4_e0166dba74ee42fd80fccc26fe3f02c81_color_0_Left_Down_0.0,59.839675344075914,-51.77896007791029,0.1539999544620514,0.13229678571224213,0.5426859855651855,0.05966982990503311,0.7570797204971313,0.928378701210022,0.9777998328208923
166_fa5f164b48f043c6b2b0bb9e8631a4821_color_0_Left_Down_0.0,-57.27150590272189,-56.98718822638191,0.3268934190273285,0.23654626309871674,0.4165525734424591,0.10938479751348495,0.40744221210479736,0.8464446663856506,0.9809325933456421
2_fa5f164b48f043c6b2b0bb9e8631a4821_color_0_Left_Down_0.0,-35.23639626728321,4.456157693802808,0.1397339105606079,0.05441123992204666,0.09749644994735718,0.027517255395650864,0.812940239906311,0.9953364133834839,0.9997556805610657
12_area_31_color_0_Left_Down_0.0,-12.249896644419167,-37.57875476435245,0.20589569211006165,0.1380416750907898,0.28333964943885803,0.0629812628030777,0.6699725985527039,0.9222094416618347,0.9805924892425537
43_e0166dba74ee42fd80fccc26fe3f02c81_color_0_Left_Down_0.0,20.133521050028307,-64.89110508263246,0.2902376055717468,0.22100408375263214,0.458290696144104,0.10988686233758926,0.4965934455394745,0.8180604577064514,0.9629208445549011
72_e0166dba74ee42fd80fccc26fe3f02c81_color_0_Left_Down_0.0,-37.41396326366073,-24.0548682071355,0.18414568901062012,0.12743374705314636,0.37142106890678406,0.07782943546772003,0.6902930736541748,0.8909341096878052,0.9822192192077637
34_area_31_color_0_Left_Down_0.0,-7.907402840933528,51.33167305074244,0.13868659734725952,0.078028604388237,0.2426030933856964,0.036934297531843185,0.826869547367096,0.960127055644989,0.9952990412712097
6_area_31_color_0_Left_Down_0.0,-54.058719211495244,2.562198914450093,0.19538824260234833,0.1308070719242096,0.3996044099330902,0.05986408889293671,0.6325244903564453,0.9417917728424072,0.9926748275756836
168_fa5f164b48f043c6b2b0bb9e8631a4821_color_0_Left_Down_0.0,16.63462239516764,-81.63892571040041,0.2484748363494873,0.19131024181842804,0.5208995342254639,0.0793369710445404,0.5363240838050842,0.9172065854072571,0.9867163896560669
19_e0166dba74ee42fd80fccc26fe3f02c81_color_0_Left_Down_0.0,19.358073342258905,-59.30565773628753,0.2124175727367401,0.09568040072917938,0.17016859352588654,0.07058406621217728,0.5919342041015625,0.91790771484375,0.9926528930664062
32_fa5f164b48f043c6b2b0bb9e8631a4821_color_0_Left_Down_0.0,-78.29071326264969,80.79939670559997,0.13918377459049225,0.07495085150003433,0.2116263508796692,0.03405601531267166,0.8717085719108582,0.961505651473999,0.9900422096252441
125_fa5f164b48f043c6b2b0bb9e8631a4821_color_0_Left_Down_0.0,83.81376595342067,55.51152266096301,0.15770289301872253,0.10124310106039047,0.25176844000816345,0.044487979263067245,0.7806071043014526,0.9504420757293701,0.9841518402099609
75_fa5f164b48f043c6b2b0bb9e8631a4821_color_0_Left_Down_0.0,-35.16952154879328,-72.4190194788509,0.1749936193227768,0.10614953935146332,0.23603129386901855,0.04538769647479057,0.7459127902984619,0.9495288133621216,0.9950662851333618
42_e0166dba74ee42fd80fccc26fe3f02c81_color_0_Left_Down_0.0,33.161944772188235,-10.772551126871761,0.173870250582695,0.06894917041063309,0.14356201887130737,0.05100906640291214,0.6319310665130615,0.9695761799812317,0.9996615648269653
172_fa5f164b48f043c6b2b0bb9e8631a4821_color_0_Left_Down_0.0,-68.03311772793981,-0.8681561799713648,0.3025803864002228,0.1892525851726532,0.34750860929489136,0.08426714688539505,0.3858097791671753,0.924531877040863,0.9989089369773865
13_area_31_color_0_Left_Down_0.0,-83.81006619926069,73.67767237418076,0.17916211485862732,0.10611772537231445,0.28264525532722473,0.0675782635807991,0.6446232199668884,0.9166005253791809,0.985494077205658
154_fa5f164b48f043c6b2b0bb9e8631a4821_color_0_Left_Down_0.0,-43.41960331199695,29.254011183716756,0.18897639214992523,0.10585419833660126,0.23556280136108398,0.04572424665093422,0.7238582372665405,0.9593393206596375,0.997247040271759
81_area_31_color_0_Left_Down_0.0,-33.89200630390603,3.612243812005943,0.18535646796226501,0.09609899669885635,0.18881817162036896,0.05411212518811226,0.6905222535133362,0.9621608257293701,0.990515410900116
86_fa5f164b48f043c6b2b0bb9e8631a4821_color_0_Left_Down_0.0,8.407850281790331,-56.72619800540513,0.2122553288936615,0.14931651949882507,0.3910161554813385,0.05072716996073723,0.6559309959411621,0.973035991191864,0.9991583228111267
46_area_31_color_0_Left_Down_0.0,84.52523299762055,49.52390820500062,0.15414322912693024,0.10593938827514648,0.33557334542274475,0.05375215783715248,0.7908377647399902,0.9297655820846558,0.972502589225769
9_fa5f164b48f043c6b2b0bb9e8631a4821_color_0_Left_Down_0.0,79.10980948155404,71.0689230769768,0.1805896759033203,0.09902143478393555,0.21638600528240204,0.05894768610596657,0.7235395908355713,0.961188554763794,0.9814343452453613
0_a641c3f4647545a2a4f5c50f5f5fbb571_color_0_Left_Down_0.0,17.62199618599533,75.93736230416104,0.10504791140556335,0.06716887652873993,0.1988476663827896,0.026438402011990547,0.8777234554290771,0.9716196060180664,0.9927683472633362
83_area_31_color_0_Left_Down_0.0,-74.0713496306545,-54.72308476455387,0.24684762954711914,0.18774747848510742,0.5885941386222839,0.11275248229503632,0.50992751121521,0.8692313432693481,0.9486512541770935
42_area_31_color_0_Left_Down_0.0,-81.85908799610314,-31.440540462612418,0.24471066892147064,0.252030611038208,1.1128346920013428,0.14810997247695923,0.43119490146636963,0.8379172086715698,0.9237956404685974
96_fa5f164b48f043c6b2b0bb9e8631a4821_color_0_Left_Down_0.0,-20.038087855893238,-41.15717428069873,0.15603086352348328,0.06805117428302765,0.1443079560995102,0.03606753051280975,0.7752142548561096,0.972700297832489,0.9973745942115784
46_area_31_color_0_Left_Down_0.0,59.17275164734727,-25.784401195153933,0.272994726896286,0.1974862962961197,0.46887657046318054,0.10376804322004318,0.4760250747203827,0.8766107559204102,0.9660633206367493
2_area_31_color_0_Left_Down_0.0,-39.43178825627146,7.685294968484726,0.19516035914421082,0.08855252712965012,0.16674074530601501,0.05862215906381607,0.6337173581123352,0.9402841925621033,0.9964977502822876
42_fa5f164b48f043c6b2b0bb9e8631a4821_color_0_Left_Down_0.0,-64.63363950454273,54.395456535727135,0.15827900171279907,0.14190998673439026,0.6250079870223999,0.05361679196357727,0.7602590322494507,0.9556792974472046,0.9801164269447327
7_area_31_color_0_Left_Down_0.0,-76.58088413764125,87.63964858809311,0.2704720199108124,0.1939726322889328,0.5728557109832764,0.1632847636938095,0.3246520161628723,0.7273203134536743,0.9375038146972656
81_area_31_color_0_Left_Down_0.0,49.004058473398345,-54.23117732384897,0.20691043138504028,0.13362440466880798,0.30565789341926575,0.1054849922657013,0.5484817624092102,0.8341753482818604,0.956291139125824
73_area_31_color_0_Left_Down_0.0,-89.00601891775156,56.783057121870144,0.20256374776363373,0.13208343088626862,0.43746599555015564,0.09066326171159744,0.5735383629798889,0.8794529438018799,0.9788046479225159
33_e0166dba74ee42fd80fccc26fe3f02c81_color_0_Left_Down_0.0,37.234321892571074,41.22129024737771,0.1684948205947876,0.10102865099906921,0.2768595516681671,0.045485738664865494,0.7423762679100037,0.950498640537262,0.9944032430648804
20_fa5f164b48f043c6b2b0bb9e8631a4821_color_0_Left_Down_0.0,48.82866240347025,-76.67196268786374,0.18665587902069092,0.12296044826507568,0.30258113145828247,0.04883234575390816,0.7055559754371643,0.9601885080337524,0.9876772165298462
57_area_31_color_0_Left_Down_0.0,-25.47616886203093,-69.14356928547664,0.2654340863227844,0.25688087940216064,1.008460521697998,0.15344110131263733,0.4060077667236328,0.793814480304718,0.9347442984580994
146_fa5f164b48f043c6b2b0bb9e8631a4821_color_0_Left_Down_0.0,65.35861665760683,22.193662828960427,0.22330865263938904,0.19088786840438843,0.4963464140892029,0.0761156901717186,0.7073479294776917,0.8858864307403564,0.9525049924850464
79_area_31_color_0_Left_Down_0.0,-30.438355526523146,-78.55949694851574,0.24477232992649078,0.22440335154533386,0.7395309209823608,0.1497371643781662,0.49856331944465637,0.7403642535209656,0.9029166102409363
56_fa5f164b48f043c6b2b0bb9e8631a4821_color_0_Left_Down_0.0,-34.0231820911808,-31.46700203518553,0.17325374484062195,0.09824397414922714,0.28634339570999146,0.04574410244822502,0.6904202103614807,0.9697484970092773,0.9984588027000427
57_area_31_color_0_Left_Down_0.0,41.329112100851546,24.760344843938356,0.2376224398612976,0.1915968954563141,0.5001682043075562,0.1148996502161026,0.5270755290985107,0.8027278184890747,0.9458334445953369
46_e0166dba74ee42fd80fccc26fe3f02c81_color_0_Left_Down_0.0,69.69829366373878,-5.0013134708491265,0.18530990183353424,0.1052999496459961,0.2855071723461151,0.07903255522251129,0.7102502584457397,0.9352893829345703,0.9613677263259888
92_fa5f164b48f043c6b2b0bb9e8631a4821_color_0_Left_Down_0.0,-68.4730357311057,38.384061700139114,0.39016395807266235,0.23686583340168,0.291020929813385,0.1312079131603241,0.33816617727279663,0.7174434661865234,0.9849417805671692
21_a641c3f4647545a2a4f5c50f5f5fbb571_color_0_Left_Down_0.0,46.94130875104153,11.029895562509324,0.17036591470241547,0.06745501607656479,0.11524301022291183,0.05204159766435623,0.7404443621635437,0.9324196577072144,0.9847827553749084
89_fa5f164b48f043c6b2b0bb9e8631a4821_color_0_Left_Down_0.0,48.77409239182097,-1.1167926544096645,0.15518081188201904,0.12225119024515152,0.3295215368270874,0.039218202233314514,0.7854908108711243,0.9669848680496216,0.9894517064094543
51_e0166dba74ee42fd80fccc26fe3f02c81_color_0_Left_Down_0.0,4.091909288758927,-13.042616695461064,0.0861487090587616,0.03731285780668259,0.1127602681517601,0.012683636508882046,0.951426088809967,0.9961043000221252,0.9994499683380127
39_e0166dba74ee42fd80fccc26fe3f02c81_color_0_Left_Down_0.0,-85.42455718606287,-70.57954314120519,0.20770934224128723,0.15760456025600433,0.5265780687332153,0.09632174670696259,0.5444448590278625,0.8590332269668579,0.9703490138053894
11_area_31_color_0_Left_Down_0.0,-84.34274657638784,24.553874027480475,0.14662067592144012,0.14282894134521484,0.6522260904312134,0.0652637630701065,0.7784076929092407,0.945473313331604,0.9735320806503296
138_fa5f164b48f043c6b2b0bb9e8631a4821_color_0_Left_Down_0.0,-33.4159234062612,1.542724409646496,0.12152384221553802,0.073494091629982,0.2003391534090042,0.02506938762962818,0.8753913640975952,0.9778849482536316,0.9976909160614014
34_e0166dba74ee42fd80fccc26fe3f02c81_color_0_Left_Down_0.0,73.36196530669673,-45.12739875320251,0.24124684929847717,0.18086427450180054,0.5287265181541443,0.11146003007888794,0.49676743149757385,0.8297888040542603,0.9485300183296204
110_fa5f164b48f043c6b2b0bb9e8631a4821_color_0_Left_Down_0.0,-16.131073853586642,45.99920493774877,0.15362772345542908,0.05829410254955292,0.1069149374961853,0.033351343125104904,0.7860777974128723,0.9836864471435547,0.9997329115867615
151_fa5f164b48f043c6b2b0bb9e8631a4821_color_0_Left_Down_0.0,-48.81633021150796,-76.14361623081726,0.15812568366527557,0.09217973798513412,0.2578829824924469,0.03302197903394699,0.7987449765205383,0.9847243428230286,0.9991530179977417
4_fa5f164b48f043c6b2b0bb9e8631a4821_color_0_Left_Down_0.0,-37.84473847552176,-60.9801682942792,0.30601245164871216,0.24766547977924347,0.3870871961116791,0.10108917951583862,0.5304273962974548,0.8211740851402283,0.9642088413238525
16_e0166dba74ee42fd80fccc26fe3f02c81_color_0_Left_Down_0.0,77.34557742166317,55.461668321595056,0.15388619899749756,0.1071312353014946,0.3099687099456787,0.0505196712911129,0.8181804418563843,0.937938392162323,0.9745008945465088
78_fa5f164b48f043c6b2b0bb9e8631a4821_color_0_Left_Down_0.0,24.012676171876222,66.86290623378918,0.25128406286239624,0.20886646211147308,0.3951241672039032,0.08231084048748016,0.6348335146903992,0.9134353995323181,0.9745638966560364
17_fa5f164b48f043c6b2b0bb9e8631a4821_color_0_Left_Down_0.0,54.660973841840615,-56.41738940051355,0.1603371649980545,0.14130021631717682,0.5676379203796387,0.05601773038506508,0.7945689558982849,0.9547956585884094,0.9807659387588501
38_area_31_color_0_Left_Down_0.0,70.660619728196,7.081603544817128,0.1975894570350647,0.1145908460021019,0.29858165979385376,0.05496683344244957,0.6253342628479004,0.9557510614395142,0.9975447654724121
79_area_31_color_0_Left_Down_0.0,55.33922792953126,71.29643398622878,0.20085066556930542,0.17199745774269104,0.5995911955833435,0.09763231128454208,0.5872893333435059,0.8431248068809509,0.9566527009010315
170_fa5f164b48f043c6b2b0bb9e8631a4821_color_0_Left_Down_0.0,-32.7593745050645,-70.19065358501818,0.28735145926475525,0.16991806030273438,0.266089528799057,0.08483845740556717,0.49271172285079956,0.8816014528274536,0.9949249029159546
120_fa5f164b48f043c6b2b0bb9e8631a4821_color_0_Left_Down_0.0,-48.9716707424505,-13.120598047273859,0.15113890171051025,0.07407887279987335,0.1762421578168869,0.042439039796590805,0.7620093822479248,0.9683971405029297,0.9943767786026001
34_e0166dba74ee42fd80fccc26fe3f02c81_color_0_Left_Down_0.0,57.24265786604877,64.93150498614182,0.21867679059505463,0.18273070454597473,0.5604948997497559,0.10123074054718018,0.616869330406189,0.8444967269897461,0.949985146522522
64_e0166dba74ee42fd80fccc26fe3f02c81_color_0_Left_Down_0.0,-88.74861650438568,1.9345144639618326,0.2222912311553955,0.1480264663696289,0.4586647152900696,0.07415124028921127,0.6093587875366211,0.9658945202827454,0.9788728952407837
63_area_31_color_0_Left_Down_0.0,-14.866019433219776,-50.02059411526856,0.20286141335964203,0.16519245505332947,0.5141056776046753,0.06573756784200668,0.6498715877532959,0.9112961888313293,0.9876431226730347
64_area_31_color_0_Left_Down_0.0,-68.42423387993709,-29.22926914734697,0.2263294905424118,0.14649413526058197,0.3352503180503845,0.07218224555253983,0.5525512099266052,0.9315476417541504,0.9820327758789062
79_e0166dba74ee42fd80fccc26fe3f02c81_color_0_Left_Down_0.0,79.72374670425344,-31.82347223626406,0.10260835289955139,0.051035962998867035,0.18991006910800934,0.028646567836403847,0.9058924913406372,0.9826239347457886,0.9897281527519226
53_fa5f164b48f043c6b2b0bb9e8631a4821_color_0_Left_Down_0.0,3.382311913805893,36.54341260113202,0.20136961340904236,0.12223510444164276,0.18370255827903748,0.05838340148329735,0.7329749464988708,0.9122611880302429,0.9861448407173157
66_area_31_color_0_Left_Down_0.0,-24.54667157172709,84.92077488977293,0.22105194628238678,0.1905801147222519,0.6600087285041809,0.10442556440830231,0.5891879796981812,0.8673226833343506,0.9522340893745422
86_fa5f164b48f043c6b2b0bb9e8631a4821_color_0_Left_Down_0.0,83.24051308958002,-44.67918675143445,0.2157682329416275,0.15435165166854858,0.4581250250339508,0.079853855073452,0.48849475383758545,0.9198492765426636,0.9844408631324768
87_fa5f164b48f043c6b2b0bb9e8631a4821_color_0_Left_Down_0.0,-0.495268939370618,-35.84190423298146,0.12705449759960175,0.04505767673254013,0.09379409998655319,0.027096955105662346,0.8383229970932007,0.9882328510284424,0.9998242855072021
60_fa5f164b48f043c6b2b0bb9e8631a4821_color_0_Left_Down_0.0,-38.72871101205583,-83.3603494761841,0.27832338213920593,0.1901112198829651,0.44890180230140686,0.10360129922628403,0.4937439262866974,0.8921239972114563,0.9637003540992737
30_e0166dba74ee42fd80fccc26fe3f02c81_color_0_Left_Down_0.0,19.721580116381432,0.4822241811950647,0.10746707022190094,0.026817021891474724,0.06137360259890556,0.017935503274202347,0.9153770208358765,0.9991734027862549,0.9997550249099731
145_fa5f164b48f043c6b2b0bb9e8631a4821_color_0_Left_Down_0.0,-80.73382477500192,-39.84363643740994,0.1658196896314621,0.1116919219493866,0.28991007804870605,0.039090435951948166,0.8231415748596191,0.9520509243011475,0.9940985441207886
18_area_31_color_0_Left_Down_0.0,73.48785947399767,-46.878859679944966,0.14311282336711884,0.06479638814926147,0.16008324921131134,0.042532868683338165,0.7613953948020935,0.959574282169342,0.9962194561958313
128_fa5f164b48f043c6b2b0bb9e8631a4821_color_0_Left_Down_0.0,-63.91892302357984,-1.898503150038664,0.22233358025550842,0.20876742899417877,0.837944746017456,0.0808209478855133,0.5775497555732727,0.9301796555519104,0.9661687016487122
69_area_31_color_0_Left_Down_0.0,87.41708173990813,-46.43005112792993,0.3119523823261261,0.3323562741279602,1.0795714855194092,0.2736792266368866,0.37515124678611755,0.6088471412658691,0.7532238364219666
57_fa5f164b48f043c6b2b0bb9e8631a4821_color_0_Left_Down_0.0,30.98439853305814,47.09153075916916,0.2454991340637207,0.22370955348014832,0.6831508278846741,0.08646529912948608,0.5742780566215515,0.896118700504303,0.976775586605072
110_fa5f164b48f043c6b2b0bb9e8631a4821_color_0_Left_Down_0.0,-47.22524208136806,41.07894275013473,0.24274271726608276,0.23599737882614136,0.41068795323371887,0.08251666277647018,0.7042050361633301,0.8688127994537354,0.9356234073638916
132_fa5f164b48f043c6b2b0bb9e8631a4821_color_0_Left_Down_0.0,-23.799036110534416,23.815049506844304,0.24267391860485077,0.21154382824897766,0.4231055676937103,0.08605720102787018,0.6474014520645142,0.9028220176696777,0.9691306948661804
39_area_31_color_0_Left_Down_0.0,24.035347936961045,6.439443133456521,0.2153078317642212,0.09191860258579254,0.16056862473487854,0.06158806011080742,0.6594544649124146,0.9112736582756042,0.9962607026100159
52_area_31_color_0_Left_Down_0.0,-73.7478413902065,60.35444920606284,0.1715480089187622,0.10180123150348663,0.2980000078678131,0.05595112591981888,0.7268811464309692,0.9516751766204834,0.9823088049888611
76_area_31_color_0_Left_Down_0.0,-32.25958830508755,-56.426668128026236,0.17313045263290405,0.08160058408975601,0.20588812232017517,0.050205837935209274,0.7013821601867676,0.9590094089508057,0.9922998547554016
71_area_31_color_0_Left_Down_0.0,-82.6604745201425,16.36072977388352,0.20122048258781433,0.14222507178783417,0.4852834939956665,0.06810320913791656,0.6422649025917053,0.9459813237190247,0.9789649844169617
10_e0166dba74ee42fd80fccc26fe3f02c81_color_0_Left_Down_0.0,31.961585131610832,-87.01419079298589,0.1713147908449173,0.16849163174629211,0.7666866183280945,0.08686134219169617,0.708448588848114,0.9234849214553833,0.9672263860702515
42_e0166dba74ee42fd80fccc26fe3f02c81_color_0_Left_Down_0.0,2.1767504938705713,-49.230760464371166,0.1463620662689209,0.068915456533432,0.20111891627311707,0.044110558927059174,0.7761977910995483,0.9488117694854736,0.9924170970916748
45_fa5f164b48f043c6b2b0bb9e8631a4821_color_0_Left_Down_0.0,26.131102273700975,-58.61404277910154,0.23272821307182312,0.14880144596099854,0.32242435216903687,0.07979469746351242,0.5914095640182495,0.9040393829345703,0.9750152826309204
132_fa5f164b48f043c6b2b0bb9e8631a4821_color_0_Left_Down_0.0,34.36879285844387,-20.38763766590327,0.27746888995170593,0.310925155878067,0.44099748134613037,0.11033362150192261,0.7167359590530396,0.8792036175727844,0.9433801174163818
43_a641c3f4647545a2a4f5c50f5f5fbb571_color_0_Left_Down_0.0,78.61139797261222,-65.2462300537212,0.20237545669078827,0.13210615515708923,0.42034319043159485,0.08224683254957199,0.567438542842865,0.8954121470451355,0.9851233959197998
44_a641c3f4647545a2a4f5c50f5f5fbb571_color_0_Left_Down_0.0,-28.60805681095347,-69.57476617669397,0.1635206788778305,0.13730613887310028,0.388589471578598,0.06144602224230766,0.7430852055549622,0.921754777431488,0.9716540575027466
70_area_31_color_0_Left_Down_0.0,76.44485129014129,67.9210836085766,0.24372582137584686,0.1874133050441742,0.5046330690383911,0.1501539796590805,0.5001781582832336,0.7364506125450134,0.9019010663032532
52_area_31_color_0_Left_Down_0.0,-43.57050701127199,28.79712828615223,0.2086370438337326,0.16260041296482086,0.3962599039077759,0.07709420472383499,0.6580564379692078,0.9017830491065979,0.9640434384346008
117_fa5f164b48f043c6b2b0bb9e8631a4821_color_0_Left_Down_0.0,57.09999603621884,9.936146087903225,0.15199030935764313,0.08102874457836151,0.18414247035980225,0.05103632062673569,0.7463122010231018,0.9158504009246826,0.9950982332229614
119_fa5f164b48f043c6b2b0bb9e8631a4821_color_0_Left_Down_0.0,5.337104104081163,-46.4665876379187,0.15680308640003204,0.11088251322507858,0.30288785696029663,0.04327023774385452,0.8003610372543335,0.9406259655952454,0.9905105829238892
134_fa5f164b48f043c6b2b0bb9e8631a4821_color_0_Left_Down_0.0,-73.24150179493815,71.49883643159882,0.15478916466236115,0.07733526825904846,0.2313675582408905,0.03786983713507652,0.8057244420051575,0.9760724902153015,0.9907337427139282
114_fa5f164b48f043c6b2b0bb9e8631a4821_color_0_Left_Down_0.0,72.07525028939949,23.95826230918823,0.12404786795377731,0.10499188303947449,0.42223504185676575,0.02814212441444397,0.8728939890861511,0.977418839931488,0.9954336285591125
38_fa5f164b48f043c6b2b0bb9e8631a4821_color_0_Left_Down_0.0,-28.97463761123388,-27.14227656972104,0.18778496980667114,0.10542530566453934,0.2883554995059967,0.07129589468240738,0.6420004367828369,0.9334725737571716,0.9805808663368225
67_area_31_color_0_Left_Down_0.0,40.6720221966431,71.47984679146387,0.1838201880455017,0.1877012550830841,0.8294711709022522,0.09637889266014099,0.6465208530426025,0.8900729417800903,0.9437968730926514
7_area_31_color_0_Left_Down_0.0,69.67555636772113,50.37759825437229,0.2556930482387543,0.1826058179140091,0.5481172204017639,0.14458142220973969,0.36071163415908813,0.8040586113929749,0.9363259673118591
15_e0166dba74ee42fd80fccc26fe3f02c81_color_0_Left_Down_0.0,25.565696307771802,-74.85480630089121,0.14123114943504333,0.07514521479606628,0.21100087463855743,0.039340224117040634,0.7805494070053101,0.9638231992721558,0.9960982203483582
13_a641c3f4647545a2a4f5c50f5f5fbb571_color_0_Left_Down_0.0,-60.90683146296952,71.73975393487427,0.1729094386100769,0.10551918298006058,0.3150578439235687,0.07008305191993713,0.6874122023582458,0.9196935296058655,0.9773746728897095
25_a641c3f4647545a2a4f5c50f5f5fbb571_color_0_Left_Down_0.0,19.157230738726184,-88.34453070900666,0.2071472406387329,0.1646924912929535,0.6366581320762634,0.08849477022886276,0.638592541217804,0.9048867225646973,0.9637864232063293
38_area_31_color_0_Left_Down_0.0,-71.73512228411423,29.430318439450048,0.226132333278656,0.18476161360740662,0.5379041433334351,0.13503289222717285,0.5440534949302673,0.7290327548980713,0.9275861978530884
51_fa5f164b48f043c6b2b0bb9e8631a4821_color_0_Left_Down_0.0,-89.08891490768063,-61.054550744850246,0.1704469621181488,0.16412828862667084,0.6064872145652771,0.061429452151060104,0.7135071158409119,0.9294300079345703,0.9760205745697021
27_e0166dba74ee42fd80fccc26fe3f02c81_color_0_Left_Down_0.0,8.772082085985502,34.54113558468478,0.1425805687904358,0.10235778242349625,0.3908746540546417,0.08176542073488235,0.7866940498352051,0.9538989067077637,0.9714520573616028
169_fa5f164b48f043c6b2b0bb9e8631a4821_color_0_Left_Down_0.0,27.3530267104681,-49.63152429709924,0.18774597346782684,0.10501103848218918,0.19512352347373962,0.059967245906591415,0.6798003911972046,0.931925356388092,0.9801467657089233
52_a641c3f4647545a2a4f5c50f5f5fbb571_color_0_Left_Down_0.0,38.19225984255647,-47.295164250575986,0.1756456345319748,0.13360723853111267,0.29440101981163025,0.06752921640872955,0.7229080200195312,0.9109954833984375,0.9698410034179688
40_e0166dba74ee42fd80fccc26fe3f02c81_color_0_Left_Down_0.0,-31.428054331331808,44.36845292124434,0.13738010823726654,0.06793121993541718,0.22991158068180084,0.03759682551026344,0.7743168473243713,0.9743660092353821,0.9948163032531738
134_fa5f164b48f043c6b2b0bb9e8631a4821_color_0_Left_Down_0.0,26.93392182849864,62.86021388895202,0.18652378022670746,0.11923886835575104,0.22849838435649872,0.048237401992082596,0.7375821471214294,0.9419167041778564,0.9886634945869446
39_e0166dba74ee42fd80fccc26fe3f02c81_color_0_Left_Down_0.0,28.37032061406181,12.29554860038489,0.14919722080230713,0.11708652228116989,0.29479658603668213,0.041713450103998184,0.8303149938583374,0.9511244893074036,0.9854235053062439
22_area_31_color_0_Left_Down_0.0,-73.13854179094335,-23.811155449301964,0.23894387483596802,0.1505606323480606,0.439030259847641,0.08323914557695389,0.5445939302444458,0.9163926243782043,0.9787053465843201
50_area_31_color_0_Left_Down_0.0,-42.26357381728942,-46.08186419176496,0.21124285459518433,0.17746113240718842,0.5040542483329773,0.08269254118204117,0.6471606492996216,0.8507408499717712,0.9740375280380249
5_a641c3f4647545a2a4f5c50f5f5fbb571_color_0_Left_Down_0.0,85.14189985544022,-19.24240955998313,0.22451767325401306,0.10151831060647964,0.20901770889759064,0.06590357422828674,0.6385180950164795,0.9150452613830566,0.9882239103317261
6_fa5f164b48f043c6b2b0bb9e8631a4821_color_0_Left_Down_0.0,70.5683799318804,23.60495267950732,0.1802770048379898,0.10831402242183685,0.30761808156967163,0.0807650163769722,0.6596816182136536,0.8790549039840698,0.9781491756439209
83_fa5f164b48f043c6b2b0bb9e8631a4821_color_0_Left_Down_0.0,53.06603463749673,0.47467675893457795,0.184742733836174,0.07930921018123627,0.14046618342399597,0.05278746783733368,0.6823229789733887,0.9430753588676453,0.996147871017456
62_fa5f164b48f043c6b2b0bb9e8631a4821_color_0_Left_Down_0.0,13.842699232744636,-1.346815112604503,0.1891709417104721,0.07999756932258606,0.15949438512325287,0.04205389693379402,0.7214275598526001,0.98553466796875,0.9971575140953064
30_a641c3f4647545a2a4f5c50f5f5fbb571_color_0_Left_Down_0.0,-54.85626219635199,40.041380747070946,0.17704416811466217,0.08743975311517715,0.2002834528684616,0.055160146206617355,0.6325703859329224,0.952765703201294,0.996299684047699
7_fa5f164b48f043c6b2b0bb9e8631a4821_color_0_Left_Down_0.0,-39.46097476064595,-85.62312604233831,0.4138663411140442,0.33865153789520264,0.5468841195106506,0.14805160462856293,0.31413131952285767,0.6881085634231567,0.9714971780776978
33_area_31_color_0_Left_Down_0.0,26.1850132632902,-58.120077706731195,0.2288818508386612,0.1538897305727005,0.3757072985172272,0.11486771702766418,0.5483715534210205,0.810809314250946,0.9367809891700745
73_e0166dba74ee42fd80fccc26fe3f02c81_color_0_Left_Down_0.0,79.28254518352458,81.70714386046572,0.3824986517429352,0.296556293964386,0.5565803050994873,0.13862435519695282,0.33058878779411316,0.7737393379211426,0.9659056067466736
46_area_31_color_0_Left_Down_0.0,74.67559023968073,-23.371433954020006,0.24254190921783447,0.16375420987606049,0.41303202509880066,0.08781486004590988,0.5184094905853271,0.9156374931335449,0.9641392230987549
31_fa5f164b48f043c6b2b0bb9e8631a4821_color_0_Left_Down_0.0,-87.21780902480387,77.09734126579056,0.6399499773979187,1.159348964691162,1.731868863105774,0.3073725700378418,0.3736114501953125,0.54473876953125,0.7587356567382812
17_e0166dba74ee42fd80fccc26fe3f02c81_color_0_Left_Down_0.0,-12.926853302883416,83.99786742786051,0.16848111152648926,0.10987057536840439,0.3365243077278137,0.06651480495929718,0.6937358379364014,0.9212287068367004,0.9715815186500549
42_e0166dba74ee42fd80fccc26fe3f02c81_color_0_Left_Down_0.0,83.45159587606551,63.54170198412481,0.12179748713970184,0.05542547255754471,0.17366549372673035,0.025550169870257378,0.8639006018638611,0.9858955144882202,0.9983388185501099
131_fa5f164b48f043c6b2b0bb9e8631a4821_color_0_Left_Down_0.0,-36.99919942747458,-20.68240885165345,0.18141813576221466,0.09730202704668045,0.2070639431476593,0.044813256710767746,0.7236818671226501,0.9639681577682495,0.9970312118530273
4_fa5f164b48f043c6b2b0bb9e8631a4821_color_0_Left_Down_0.0,63.20460087303425,-32.95403907187002,0.34077903628349304,0.23745428025722504,0.4151110053062439,0.10730984061956406,0.3424381613731384,0.8225092887878418,0.9924083948135376
124_fa5f164b48f043c6b2b0bb9e8631a4821_color_0_Left_Down_0.0,-59.49130559650335,10.224227242503034,0.35266950726509094,0.2001003921031952,0.27419430017471313,0.12269654124975204,0.4489041864871979,0.8102919459342957,0.9356229901313782
42_fa5f164b48f043c6b2b0bb9e8631a4821_color_0_Left_Down_0.0,78.50785934894057,35.28536340149515,0.17409467697143555,0.23982378840446472,1.2246507406234741,0.11008018255233765,0.7721814513206482,0.9257886409759521,0.9485104084014893
30_e0166dba74ee42fd80fccc26fe3f02c81_color_0_Left_Down_0.0,12.611010616085693,-72.50823112126166,0.10553710907697678,0.04301758110523224,0.14083711802959442,0.021412476897239685,0.9048843383789062,0.9879077076911926,0.996112048625946
11_area_31_color_0_Left_Down_0.0,20.70130080585055,88.20969301876738,0.17485804855823517,0.141878142952919,0.5551179051399231,0.06714380532503128,0.7144138216972351,0.9189041256904602,0.9655309319496155
3_fa5f164b48f043c6b2b0bb9e8631a4821_color_0_Left_Down_0.0,-64.78487725742568,3.299337425472615,0.16250471770763397,0.08884143829345703,0.20267000794410706,0.03870987892150879,0.7547945976257324,0.9704120755195618,0.9987179040908813
43_a641c3f4647545a2a4f5c50f5f5fbb571_color_0_Left_Down_0.0,67.92715294703197,43.338351195756786,0.2229195535182953,0.17527106404304504,0.6426272392272949,0.10907277464866638,0.4866057336330414,0.8923709392547607,0.951632022857666
49_fa5f164b48f043c6b2b0bb9e8631a4821_color_0_Left_Down_0.0,35.462833379148236,36.447135117679665,0.19309845566749573,0.08865915983915329,0.18715684115886688,0.051750872284173965,0.6871174573898315,0.9509807229042053,0.9940319061279297
63_e0166dba74ee42fd80fccc26fe3f02c81_color_0_Left_Down_0.0,-25.291592780444063,-37.153468032391196,0.1813812553882599,0.13677024841308594,0.3701722025871277,0.06532704830169678,0.7648054957389832,0.9121854901313782,0.9659058451652527
44_e0166dba74ee42fd80fccc26fe3f02c81_color_0_Left_Down_0.0,55.68500798613246,55.820411042252545,0.1662018895149231,0.10433942824602127,0.22635605931282043,0.047667138278484344,0.7897745370864868,0.9318073987960815,0.9873002171516418
8_a641c3f4647545a2a4f5c50f5f5fbb571_color_0_Left_Down_0.0,66.07301734441867,74.38329946016484,0.3385700583457947,0.2101929932832718,0.29400259256362915,0.1414431482553482,0.49389979243278503,0.7754493951797485,0.9100285172462463
81_area_31_color_0_Left_Down_0.0,2.041631794968808,0.27293304369592875,0.09382523596286774,0.022864902392029762,0.043005846440792084,0.01177709549665451,0.9728147983551025,0.9967518448829651,0.9995414614677429
82_area_31_color_0_Left_Down_0.0,53.69313221401953,26.993507539997722,0.2081098109483719,0.15211611986160278,0.5000603199005127,0.08907881379127502,0.5960593223571777,0.9045044183731079,0.9674113988876343
58_area_31_color_0_Left_Down_0.0,36.35403790638661,53.2426804984982,0.2154766023159027,0.11502905935049057,0.19628053903579712,0.07277552783489227,0.5957880020141602,0.9072812795639038,0.9899427890777588
65_fa5f164b48f043c6b2b0bb9e8631a4821_color_0_Left_Down_0.0,70.20096152716192,-29.160871766723552,0.3616962134838104,0.2238388955593109,0.29260748624801636,0.1230725422501564,0.4367743134498596,0.793441653251648,0.9485343098640442
49_e0166dba74ee42fd80fccc26fe3f02c81_color_0_Left_Down_0.0,-22.39506852481007,-73.08325082864357,0.17077301442623138,0.10449071228504181,0.2650405466556549,0.08465901017189026,0.6873545050621033,0.894541323184967,0.9495036602020264
50_area_31_color_0_Left_Down_0.0,14.090425379311313,-83.53039071658642,0.2207295000553131,0.22322826087474823,0.8440569043159485,0.13338221609592438,0.5407446622848511,0.78350430727005,0.9160683155059814
147_fa5f164b48f043c6b2b0bb9e8631a4821_color_0_Left_Down_0.0,-6.192356736157166,7.676034247363788,0.19884920120239258,0.0896267518401146,0.20626287162303925,0.04320020601153374,0.7025715112686157,0.98291015625,0.9967179298400879
78_fa5f164b48f043c6b2b0bb9e8631a4821_color_0_Left_Down_0.0,-38.422574616908804,16.349986902421932,0.250708669424057,0.20227716863155365,0.3882240355014801,0.09504444152116776,0.6605291962623596,0.8840194940567017,0.9457064270973206
26_a641c3f4647545a2a4f5c50f5f5fbb571_color_0_Left_Down_0.0,-84.5099550109711,-83.2773260251414,0.22047218680381775,0.1366419792175293,0.329226553440094,0.08496083319187164,0.7150606513023376,0.8596704006195068,0.9549248218536377
71_area_31_color_0_Left_Down_0.0,58.06810091873848,-25.16568454597268,0.1996612846851349,0.14901332557201385,0.48358771204948425,0.07371699810028076,0.6316889524459839,0.9223179221153259,0.9757048487663269
8_fa5f164b48f043c6b2b0bb9e8631a4821_color_0_Left_Down_0.0,-67.12910772266073,4.003786809864792,0.2671671509742737,0.175342857837677,0.3115693926811218,0.09422668814659119,0.5974751114845276,0.8533788919448853,0.9628676772117615
36_fa5f164b48f043c6b2b0bb9e8631a4821_color_0_Left_Down_0.0,48.598839557749955,-51.15221505056823,0.19387157261371613,0.12378531694412231,0.34327149391174316,0.04963109642267227,0.6900472640991211,0.9592812657356262,0.9925441145896912
11_e0166dba74ee42fd80fccc26fe3f02c81_color_0_Left_Down_0.0,22.120285647420047,-74.63745630112176,0.14229059219360352,0.13384541869163513,0.5605364441871643,0.07575290650129318,0.7975301742553711,0.9149606227874756,0.95354163646698
42_e0166dba74ee42fd80fccc26fe3f02c81_color_0_Left_Down_0.0,-80.69729018965062,5.643833682266646,0.2100628763437271,0.13887938857078552,0.4641397297382355,0.09253712743520737,0.5077289342880249,0.8845573663711548,0.9771667718887329
64_fa5f164b48f043c6b2b0bb9e8631a4821_color_0_Left_Down_0.0,7.314321889819169,24.737382269677184,0.21689428389072418,0.1364482194185257,0.25192880630493164,0.060441918671131134,0.6944764256477356,0.9126704335212708,0.9841933250427246
57_area_31_color_0_Left_Down_0.0,40.69644007007909,85.65337430325624,0.19110676646232605,0.11318069696426392,0.36332038044929504,0.053855665028095245,0.6642622351646423,0.959963858127594,0.9920458197593689
56_area_31_color_0_Left_Down_0.0,2.9340626942151573,-31.867834870575727,0.13486669957637787,0.055831361562013626,0.12412696331739426,0.028777871280908585,0.8210100531578064,0.9864577054977417,0.9988831281661987
173_fa5f164b48f043c6b2b0bb9e8631a4821_color_0_Left_Down_0.0,53.13351505836667,-41.25019477282664,0.16963094472885132,0.09199734032154083,0.21049104630947113,0.05112859979271889,0.7224639058113098,0.9450011849403381,0.9859914779663086
136_fa5f164b48f043c6b2b0bb9e8631a4821_color_0_Left_Down_0.0,-10.985144272985508,-75.87785135839212,0.16290722787380219,0.0909557119011879,0.2508470118045807,0.037289876490831375,0.7896329164505005,0.976824164390564,0.9945621490478516
44_e0166dba74ee42fd80fccc26fe3f02c81_color_0_Left_Down_0.0,-85.43686618521765,83.27671464202652,0.18436869978904724,0.10323768854141235,0.29257678985595703,0.055267080664634705,0.6976172924041748,0.9602292776107788,0.9907117486000061
44_fa5f164b48f043c6b2b0bb9e8631a4821_color_0_Left_Down_0.0,60.47642169219705,35.27535709686563,0.2878478169441223,0.19418300688266754,0.3197014033794403,0.0904109925031662,0.5163761377334595,0.8564451336860657,0.983249843120575
39_a641c3f4647545a2a4f5c50f5f5fbb571_color_0_Left_Down_0.0,-16.388470005431415,-58.807022387247756,0.19207832217216492,0.10663019120693207,0.26863381266593933,0.08362230658531189,0.5664350986480713,0.9175773859024048,0.9620972275733948
81_e0166dba74ee42fd80fccc26fe3f02c81_color_0_Left_Down_0.0,-61.84133231920451,-44.95627833037284,0.23532667756080627,0.12932103872299194,0.24276629090309143,0.0899299830198288,0.4970967769622803,0.8619145750999451,0.9929329752922058
19_area_31_color_0_Left_Down_0.0,8.860799647101686,38.62726608601122,0.1570894569158554,0.09002434462308884,0.23834069073200226,0.045256707817316055,0.7535557746887207,0.9538808465003967,0.9931530952453613
49_e0166dba74ee42fd80fccc26fe3f02c81_color_0_Left_Down_0.0,28.835527809191632,-39.61189854973029,0.1880013644695282,0.0901787206530571,0.18223023414611816,0.08031471073627472,0.6320244669914246,0.8776045441627502,0.9747595191001892
150_fa5f164b48f043c6b2b0bb9e8631a4821_color_0_Left_Down_0.0,81.87575051937495,42.82144500523833,0.16027869284152985,0.07329775393009186,0.13465990126132965,0.03720676898956299,0.8168753981590271,0.9682829976081848,0.990882158279419
51_fa5f164b48f043c6b2b0bb9e8631a4821_color_0_Left_Down_0.0,9.783729452052128,20.1097343221834,0.14120855927467346,0.09343108534812927,0.29924747347831726,0.027929900214076042,0.8418611288070679,0.9844929575920105,0.999829888343811
59_fa5f164b48f043c6b2b0bb9e8631a4821_color_0_Left_Down_0.0,-14.47198876299781,-45.408421889791654,0.1737188994884491,0.08567067980766296,0.1734018623828888,0.03703875467181206,0.7235758900642395,0.9888244271278381,0.9996093511581421
57_area_31_color_0_Left_Down_0.0,-25.924917842772913,46.41229988358643,0.20264627039432526,0.10890727490186691,0.2646959125995636,0.07135644555091858,0.5635712742805481,0.9284667372703552,0.9920536279678345
43_a641c3f4647545a2a4f5c50f5f5fbb571_color_0_Left_Down_0.0,-87.40917204664395,-69.10692470875507,0.2061229795217514,0.16196312010288239,0.5334389805793762,0.11172150820493698,0.600608229637146,0.8134072422981262,0.9434890151023865
96_fa5f164b48f043c6b2b0bb9e8631a4821_color_0_Left_Down_0.0,-81.7195244360845,-82.66881558258538,0.14879772067070007,0.10883179306983948,0.3664238154888153,0.06594125926494598,0.7942332625389099,0.9340593814849854,0.9668541550636292
15_fa5f164b48f043c6b2b0bb9e8631a4821_color_0_Left_Down_0.0,63.982905121981304,36.658414688404264,0.24737778306007385,0.11750292032957077,0.18668119609355927,0.06486301124095917,0.5176076889038086,0.9628764390945435,0.9997862577438354
4_fa5f164b48f043c6b2b0bb9e8631a4821_color_0_Left_Down_0.0,-4.648710764281461,-72.38985108281973,0.23599469661712646,0.1256529539823532,0.19895051419734955,0.06103517860174179,0.5690339207649231,0.9526956081390381,0.9975355863571167
99_fa5f164b48f043c6b2b0bb9e8631a4821_color_0_Left_Down_0.0,-1.5091424789701762,-4.7750812594981795,0.1361420452594757,0.04825720191001892,0.09752075374126434,0.02247491292655468,0.8846215009689331,0.9972452521324158,0.9998931288719177
12_e0166dba74ee42fd80fccc26fe3f02c81_color_0_Left_Down_0.0,-58.82366341619726,-11.906703137164854,0.15319010615348816,0.0912359431385994,0.2909248471260071,0.05124766752123833,0.7631444334983826,0.9417210221290588,0.9861247539520264
25_fa5f164b48f043c6b2b0bb9e8631a4821_color_0_Left_Down_0.0,-18.26914780847278,20.853017649398964,0.14334124326705933,0.07410002499818802,0.1812407672405243,0.029551642015576363,0.8280290365219116,0.9841293096542358,0.9966188669204712
82_area_31_color_0_Left_Down_0.0,24.316857156175885,-81.84527824103199,0.23406027257442474,0.17436228692531586,0.5618857741355896,0.1132993996143341,0.47250792384147644,0.8855679035186768,0.9516501426696777
56_area_31_color_0_Left_Down_0.0,-22.569729367235183,22.654784828562555,0.13549193739891052,0.06080760434269905,0.17947521805763245,0.03181178867816925,0.8093292117118835,0.9817109107971191,0.9970526695251465
12_e0166dba74ee42fd80fccc26fe3f02c81_color_0_Left_Down_0.0,0.5645265444157843,64.16817141389802,0.21170249581336975,0.15715131163597107,0.4165111780166626,0.11472451686859131,0.6171570420265198,0.8849532604217529,0.9481396675109863
4_a641c3f4647545a2a4f5c50f5f5fbb571_color_0_Left_Down_0.0,28.564853691410107,-60.671803125342656,0.2550380527973175,0.1506119817495346,0.39471563696861267,0.10748360306024551,0.5300444960594177,0.850771427154541,0.9577848315238953
34_a641c3f4647545a2a4f5c50f5f5fbb571_color_0_Left_Down_0.0,-77.29762546792263,25.635470077136816,0.1873461902141571,0.08900736272335052,0.19513502717018127,0.059807855635881424,0.6782674789428711,0.9241365790367126,0.9844838380813599
139_fa5f164b48f043c6b2b0bb9e8631a4821_color_0_Left_Down_0.0,-85.22796410250807,15.439604629223396,0.2787456810474396,0.17964646220207214,0.43624570965766907,0.08212024718523026,0.45780491828918457,0.9256940484046936,0.9841074347496033
66_area_31_color_0_Left_Down_0.0,79.24144345649236,13.58535201765821,0.19966253638267517,0.1491059958934784,0.5363509654998779,0.07626959681510925,0.661319375038147,0.9600061774253845,0.9773422479629517
13_e0166dba74ee42fd80fccc26fe3f02c81_color_0_Left_Down_0.0,-20.12941328282605,25.791879319623575,0.1263827234506607,0.07148956507444382,0.2629809081554413,0.03656759113073349,0.8521146774291992,0.9752238988876343,0.9903117418289185
