point,x,y,z,abs_rel_error
0,0.14106735979665894,-0.99,0.0,0.06998995691537857
15,-0.09301724105771997,-0.69,-0.7178076294286723,0.2498832643032074
15,-0.09301724105771997,-0.69,-0.7178076294286723,0.21813659369945526
24,0.42766226127270884,-0.51,0.7463276695146129,0.1559964269399643
92,0.3335523795842149,0.8500000000000001,0.40772884380885743,0.13351023197174072
58,0.5588657069137133,0.16999999999999993,0.811645933665558,0.15507623553276062
32,0.15866307873945915,-0.35,0.9232150494033967,0.3439832627773285
66,0.236155718741352,0.33000000000000007,0.9139641549348396,0.2525908648967743
96,-0.17962342143733764,0.9299999999999999,-0.32067963214264905,0.09866443276405334
74,-0.08467967930963359,0.49,0.8675997648178667,0.29616641998291016
25,-0.8304836655326296,-0.49,-0.2649469405059952,0.23654350638389587
63,0.8863889253260228,0.27,0.37605142342421527,0.2621805667877197
7,-0.24279784123187995,-0.85,-0.4674924687020518,0.17329668998718262
53,0.03635382764311213,0.07000000000000005,0.9968843459577921,0.19556397199630737
14,-0.40500710772062326,-0.71,0.5760809341540262,0.14000706374645233
42,0.9535255164458032,-0.15000000000000002,0.26132181211442057,0.15500541031360626
49,-0.20994188111981057,-0.010000000000000018,-0.97766272637954,0.16019296646118164
42,0.9535255164458032,-0.15000000000000002,0.26132181211442057,0.12568378448486328
3,0.22363749507608174,-0.9299999999999999,0.2916955104147056,0.16248001158237457
12,-0.5722834231380972,-0.75,-0.3316499413558544,0.1419387012720108
0,0.14106735979665894,-0.99,0.0,0.07590681314468384
14,-0.40500710772062326,-0.71,0.5760809341540262,0.20719332993030548
44,0.34550733637457615,-0.11,-0.9319467154893275,0.2475145310163498
33,-0.7463332015518084,-0.32999999999999996,-0.5780023808440825,0.15789173543453217
17,-0.7592852649071572,-0.6499999999999999,0.03139882951430177,0.16933567821979523
1,-0.17925799888815613,-0.97,0.1642150109905116,0.12287665903568268
85,-0.6892192113800709,0.71,0.14448833400878117,0.32707351446151733
80,-0.7416320598954952,0.6100000000000001,-0.27907326589117165,0.22031305730342865
4,-0.40827033374843424,-0.91,-0.07221727342500583,0.08127215504646301
72,-0.8929860511231916,0.44999999999999996,-0.008712777938673174,0.1319955587387085
77,-0.7090144449898004,0.55,0.4413598495511404,0.1569271683692932
46,-0.901439181495355,-0.06999999999999997,-0.4272088506398064,0.24924258887767792
18,0.5504734730017758,-0.63,-0.5477946289635953,0.19271348416805267
48,-0.5053947738603612,-0.030000000000000034,0.8623665824663165,0.16289986670017242
12,-0.5722834231380972,-0.75,-0.3316499413558544,0.24802124500274658
10,0.25986287961937526,-0.79,-0.5553118797540045,0.15236453711986542
53,0.03635382764311213,0.07000000000000005,0.9968843459577921,0.32176145911216736
10,0.25986287961937526,-0.79,-0.5553118797540045,0.19732974469661713
86,0.3985067064328888,0.73,-0.5552408530791043,0.23106499016284943
50,0.8152062920736045,0.01,0.5790843646340359,0.1722637563943863
77,-0.7090144449898004,0.55,0.4413598495511404,0.24001415073871613
33,-0.7463332015518084,-0.32999999999999996,-0.5780023808440825,0.26314693689346313
22,-0.6855518693235865,-0.55,0.4769891345376079,0.22722847759723663
88,-0.48384468997886504,0.77,-0.41592585394425297,0.21645790338516235
63,0.8863889253260228,0.27,0.37605142342421527,0.21562333405017853
60,0.850660805595189,0.20999999999999996,-0.4819504059798521,0.1822740137577057
62,-0.401811450411341,0.25,-0.8809356153081419,0.3196110725402832
25,-0.8304836655326296,-0.49,-0.2649469405059952,0.1199636459350586
95,-0.09494092190679554,0.9100000000000001,0.40359165173165745,0.2137097865343094
49,-0.20994188111981057,-0.010000000000000018,-0.97766272637954,0.308437705039978
50,0.8152062920736045,0.01,0.5790843646340359,0.24216465651988983
13,0.6675062690706619,-0.73,-0.1467493807529188,0.232188418507576
28,-0.3055644949304832,-0.42999999999999994,-0.8495471378551508,0.24311918020248413
63,0.8863889253260228,0.27,0.37605142342421527,0.12183213979005814
11,0.1909562397791545,-0.77,0.6087985828575869,0.2231094241142273
78,0.22103383354893766,0.5700000000000001,-0.7913558266839642,0.19638341665267944
69,-0.5673624854052105,0.3900000000000001,0.7252584436977084,0.18299712240695953
3,0.22363749507608174,-0.9299999999999999,0.2916955104147056,0.15674655139446259
0,0.14106735979665894,-0.99,0.0,21151363072.0
76,0.8335538861569624,0.53,0.15584581762955937,0.13366460800170898
8,0.5239190311901138,-0.83,0.19133438989583781,0.09591707587242126
85,-0.6892192113800709,0.71,0.14448833400878117,0.14466094970703125
2,0.027298673793297194,-0.95,-0.31105430781316495,0.14175516366958618
74,-0.08467967930963359,0.49,0.8675997648178667,7.832108497619629
32,0.15866307873945915,-0.35,0.9232150494033967,0.19892196357250214
42,0.9535255164458032,-0.15000000000000002,0.26132181211442057,0.2662748694419861
31,0.5024554327134931,-0.37,-0.7814336428236862,0.20476287603378296
17,-0.7592852649071572,-0.6499999999999999,0.03139882951430177,0.09658531844615936
41,-0.5248530201618092,-0.16999999999999993,-0.8340439480189442,0.15074647963047028
65,0.4464120976654115,0.31000000000000005,-0.8394142237643861,0.21526935696601868
63,0.8863889253260228,0.27,0.37605142342421527,0.11198054254055023
65,0.4464120976654115,0.31000000000000005,-0.8394142237643861,0.3945193886756897
4,-0.40827033374843424,-0.91,-0.07221727342500583,0.2607579827308655
52,0.6473587655569581,0.05000000000000004,-0.7605436402051965,0.18092411756515503
8,0.5239190311901138,-0.83,0.19133438989583781,0.147359237074852
86,0.3985067064328888,0.73,-0.5552408530791043,0.19443129003047943
38,-0.9690377330644508,-0.22999999999999998,-0.08981019929445755,0.25326666235923767
48,-0.5053947738603612,-0.030000000000000034,0.8623665824663165,0.16921918094158173
66,0.236155718741352,0.33000000000000007,0.9139641549348396,0.19756999611854553
11,0.1909562397791545,-0.77,0.6087985828575869,0.34958624839782715
41,-0.5248530201618092,-0.16999999999999993,-0.8340439480189442,0.22019881010055542
76,0.8335538861569624,0.53,0.15584581762955937,0.12489735335111618
22,-0.6855518693235865,-0.55,0.4769891345376079,0.16681839525699615
10,0.25986287961937526,-0.79,-0.5553118797540045,0.4003136456012726
99,0.055727639237472336,0.99,-0.1295933263135805,0.12972211837768555
6,-0.12799834942097849,-0.87,0.4761474798268968,0.198302760720253
42,0.9535255164458032,-0.15000000000000002,0.26132181211442057,0.15778501331806183
37,0.6505500155256161,-0.25,0.7171364425962612,0.32199087738990784
28,-0.3055644949304832,-0.42999999999999994,-0.8495471378551508,0.2533969581127167
50,0.8152062920736045,0.01,0.5790843646340359,0.13396498560905457
33,-0.7463332015518084,-0.32999999999999996,-0.5780023808440825,0.15789173543453217
0,0.14106735979665894,-0.99,0.0,1742993152.0
12,-0.5722834231380972,-0.75,-0.3316499413558544,0.24499864876270294
70,-0.07087130928303524,0.41000000000000014,-0.9093279152871687,0.28947940468788147
96,-0.17962342143733764,0.9299999999999999,-0.32067963214264905,0.1660097986459732
88,-0.48384468997886504,0.77,-0.41592585394425297,0.16673403978347778
80,-0.7416320598954952,0.6100000000000001,-0.27907326589117165,0.2613712549209595
60,0.850660805595189,0.20999999999999996,-0.4819504059798521,0.12744678556919098
96,-0.17962342143733764,0.9299999999999999,-0.32067963214264905,0.1702517420053482
76,0.8335538861569624,0.53,0.15584581762955937,0.16234293580055237
90,-0.4196947695184392,0.81,0.4095806397266161,0.3894965350627899
74,-0.08467967930963359,0.49,0.8675997648178667,0.2536776065826416
52,0.6473587655569581,0.05000000000000004,-0.7605436402051965,0.20477208495140076
25,-0.8304836655326296,-0.49,-0.2649469405059952,0.13757628202438354
81,0.720699071449949,0.6300000000000001,-0.28929716281218687,0.23927389085292816
60,0.850660805595189,0.20999999999999996,-0.4819504059798521,0.17860889434814453
24,0.42766226127270884,-0.51,0.7463276695146129,0.21887634694576263
55,0.9926348887829454,0.11000000000000008,0.05075408920343027,0.19657769799232483
82,-0.32879508163366533,0.6500000000000001,0.6851231964351457,0.2756129801273346
82,-0.32879508163366533,0.6500000000000001,0.6851231964351457,0.5210720300674438
32,0.15866307873945915,-0.35,0.9232150494033967,0.2603738307952881
13,0.6675062690706619,-0.73,-0.1467493807529188,0.10946884006261826
49,-0.20994188111981057,-0.010000000000000018,-0.97766272637954,0.19122084975242615
71,0.6597362540258498,0.42999999999999994,0.6163181606312923,0.7206526398658752
77,-0.7090144449898004,0.55,0.4413598495511404,0.24199539422988892
56,-0.764358245970163,0.13000000000000012,0.6315508465811884,0.16928762197494507
88,-0.48384468997886504,0.77,-0.41592585394425297,0.2006048709154129
84,0.6226773310637855,0.69,0.369016180375984,0.1635517179965973
54,-0.6990651512013292,0.09000000000000007,-0.70937149250295,0.17941945791244507
12,-0.5722834231380972,-0.75,-0.3316499413558544,0.13474230468273163
74,-0.08467967930963359,0.49,0.8675997648178667,0.25438982248306274
63,0.8863889253260228,0.27,0.37605142342421527,0.12436842918395996
0,0.14106735979665894,-0.99,0.0,287019936.0
91,0.03119864681222026,0.8300000000000001,-0.5568901547316906,0.38428351283073425
93,-0.48798376651655784,0.8700000000000001,-0.07051130133753968,0.140677347779274
50,0.8152062920736045,0.01,0.5790843646340359,0.15443351864814758
60,0.850660805595189,0.20999999999999996,-0.4819504059798521,0.18544639647006989
86,0.3985067064328888,0.73,-0.5552408530791043,0.17610113322734833
58,0.5588657069137133,0.16999999999999993,0.811645933665558,0.25001129508018494
23,0.18611968347547322,-0.53,-0.8273206533279521,0.34746313095092773
20,-0.5173106427303671,-0.59,-0.6199110411324311,0.18493206799030304
44,0.34550733637457615,-0.11,-0.9319467154893275,0.18948489427566528
28,-0.3055644949304832,-0.42999999999999994,-0.8495471378551508,0.24741274118423462
70,-0.07087130928303524,0.41000000000000014,-0.9093279152871687,0.1719360649585724
21,0.8143069224410301,-0.5700000000000001,0.10956384469622286,0.33986106514930725
69,-0.5673624854052105,0.3900000000000001,0.7252584436977084,0.17600613832473755
86,0.3985067064328888,0.73,-0.5552408530791043,0.16014599800109863
23,0.18611968347547322,-0.53,-0.8273206533279521,0.19168350100517273
32,0.15866307873945915,-0.35,0.9232150494033967,0.5927930474281311
84,0.6226773310637855,0.69,0.369016180375984,0.16024693846702576
77,-0.7090144449898004,0.55,0.4413598495511404,0.19668488204479218
65,0.4464120976654115,0.31000000000000005,-0.8394142237643861,0.2796594798564911
23,0.18611968347547322,-0.53,-0.8273206533279521,0.18185678124427795
76,0.8335538861569624,0.53,0.15584581762955937,0.1888459175825119
52,0.6473587655569581,0.05000000000000004,-0.7605436402051965,0.19292986392974854
10,0.25986287961937526,-0.79,-0.5553118797540045,0.1654696762561798
23,0.18611968347547322,-0.53,-0.8273206533279521,0.7211074829101562
98,-0.22167278555738984,0.97,0.09980569193802273,0.10120818763971329
71,0.6597362540258498,0.42999999999999994,0.6163181606312923,0.22941508889198303
5,0.3847191068626957,-0.89,-0.24472680444685596,0.11847143620252609
74,-0.08467967930963359,0.49,0.8675997648178667,0.23663349449634552
88,-0.48384468997886504,0.77,-0.41592585394425297,0.15887586772441864
10,0.25986287961937526,-0.79,-0.5553118797540045,0.34024009108543396
76,0.8335538861569624,0.53,0.15584581762955937,0.3141523599624634
38,-0.9690377330644508,-0.22999999999999998,-0.08981019929445755,0.12639667093753815
75,-0.5166785364497933,0.51,-0.6877087246589937,0.18081261217594147
36,0.004697099521205685,-0.27,-0.9628488652203355,0.2750140428543091
38,-0.9690377330644508,-0.22999999999999998,-0.08981019929445755,0.879675030708313
99,0.055727639237472336,0.99,-0.1295933263135805,0.93112713098526
63,0.8863889253260228,0.27,0.37605142342421527,0.17061477899551392
47,0.9544174930265714,-0.04999999999999994,-0.2942571137710596,0.1324760466814041
45,0.37551252700982696,-0.08999999999999998,0.9224371751283086,0.27273130416870117
62,-0.401811450411341,0.25,-0.8809356153081419,0.250959575176239
54,-0.6990651512013292,0.09000000000000007,-0.70937149250295,0.14638932049274445
18,0.5504734730017758,-0.63,-0.5477946289635953,0.24785195291042328
22,-0.6855518693235865,-0.55,0.4769891345376079,0.13546615839004517
96,-0.17962342143733764,0.9299999999999999,-0.32067963214264905,0.17593565583229065
83,-0.2152553036362387,0.6700000000000002,-0.7104682640741038,0.20786648988723755
0,0.14106735979665894,-0.99,0.0,2585970432.0
26,0.8012767453628411,-0.47,-0.370210179952865,0.2755213677883148
59,-0.9567823612629455,0.18999999999999995,-0.22015338556584238,0.15079395473003387
74,-0.08467967930963359,0.49,0.8675997648178667,0.1895126849412918
50,0.8152062920736045,0.01,0.5790843646340359,0.1916254758834839
61,-0.3003060579947334,0.22999999999999998,0.9256977214683332,0.17841298878192902
79,0.3651293470107336,0.5900000000000001,0.7201253779388108,0.24965710937976837
37,0.6505500155256161,-0.25,0.7171364425962612,0.588740885257721
55,0.9926348887829454,0.11000000000000008,0.05075408920343027,0.18280284106731415
41,-0.5248530201618092,-0.16999999999999993,-0.8340439480189442,0.19074378907680511
59,-0.9567823612629455,0.18999999999999995,-0.22015338556584238,0.14054323732852936
50,0.8152062920736045,0.01,0.5790843646340359,0.1757429987192154
71,0.6597362540258498,0.42999999999999994,0.6163181606312923,0.26547789573669434
79,0.3651293470107336,0.5900000000000001,0.7201253779388108,0.20181748270988464
41,-0.5248530201618092,-0.16999999999999993,-0.8340439480189442,0.32868102192878723
6,-0.12799834942097849,-0.87,0.4761474798268968,0.23079487681388855
28,-0.3055644949304832,-0.42999999999999994,-0.8495471378551508,0.43945345282554626
59,-0.9567823612629455,0.18999999999999995,-0.22015338556584238,0.7984803915023804
36,0.004697099521205685,-0.27,-0.9628488652203355,0.4659374952316284
82,-0.32879508163366533,0.6500000000000001,0.6851231964351457,0.1507367193698883
52,0.6473587655569581,0.05000000000000004,-0.7605436402051965,0.3828260004520416
28,-0.3055644949304832,-0.42999999999999994,-0.8495471378551508,0.16053509712219238
29,0.807368470353567,-0.41000000000000003,0.4243302405897338,0.20055373013019562
54,-0.6990651512013292,0.09000000000000007,-0.70937149250295,0.13363827764987946
85,-0.6892192113800709,0.71,0.14448833400878117,0.09892018884420395
78,0.22103383354893766,0.5700000000000001,-0.7913558266839642,0.3290177881717682
37,0.6505500155256161,-0.25,0.7171364425962612,0.30790767073631287
59,-0.9567823612629455,0.18999999999999995,-0.22015338556584238,0.14560243487358093
60,0.850660805595189,0.20999999999999996,-0.4819504059798521,0.18396225571632385
36,0.004697099521205685,-0.27,-0.9628488652203355,0.2750140428543091
44,0.34550733637457615,-0.11,-0.9319467154893275,0.29003193974494934
46,-0.901439181495355,-0.06999999999999997,-0.4272088506398064,0.14963729679584503
33,-0.7463332015518084,-0.32999999999999996,-0.5780023808440825,0.23233327269554138
89,0.6128012785524265,0.79,-0.019354405299861974,0.09057950228452682
50,0.8152062920736045,0.01,0.5790843646340359,0.1604808121919632
44,0.34550733637457615,-0.11,-0.9319467154893275,0.2593216001987457
50,0.8152062920736045,0.01,0.5790843646340359,0.20742525160312653
39,0.7787972701490786,-0.20999999999999996,-0.5910793618528254,0.16111785173416138
96,-0.17962342143733764,0.9299999999999999,-0.32067963214264905,0.15348784625530243
17,-0.7592852649071572,-0.6499999999999999,0.03139882951430177,0.24547334015369415
83,-0.2152553036362387,0.6700000000000002,-0.7104682640741038,0.211894229054451
88,-0.48384468997886504,0.77,-0.41592585394425297,0.17888811230659485
14,-0.40500710772062326,-0.71,0.5760809341540262,0.1978396475315094
51,-0.9918765882863899,0.03000000000000002,0.12361566894755349,0.1668742597103119
36,0.004697099521205685,-0.27,-0.9628488652203355,0.1938859522342682
38,-0.9690377330644508,-0.22999999999999998,-0.08981019929445755,0.13210681080818176
38,-0.9690377330644508,-0.22999999999999998,-0.08981019929445755,0.14771175384521484
56,-0.764358245970163,0.13000000000000012,0.6315508465811884,0.26774781942367554
14,-0.40500710772062326,-0.71,0.5760809341540262,0.19888854026794434
44,0.34550733637457615,-0.11,-0.9319467154893275,0.32031071186065674
77,-0.7090144449898004,0.55,0.4413598495511404,0.08852311223745346
45,0.37551252700982696,-0.08999999999999998,0.9224371751283086,0.30476030707359314
91,0.03119864681222026,0.8300000000000001,-0.5568901547316906,0.12047290802001953
22,-0.6855518693235865,-0.55,0.4769891345376079,0.13086336851119995
13,0.6675062690706619,-0.73,-0.1467493807529188,0.15866534411907196
45,0.37551252700982696,-0.08999999999999998,0.9224371751283086,0.26012569665908813
40,-0.1757232343349757,-0.18999999999999995,0.9659303002364379,0.3321904242038727
27,-0.3447635703729665,-0.44999999999999996,0.8237949262672627,0.5501375198364258
52,0.6473587655569581,0.05000000000000004,-0.7605436402051965,0.18816673755645752
30,-0.8904003466173135,-0.39,0.234706673837298,0.08982287347316742
82,-0.32879508163366533,0.6500000000000001,0.6851231964351457,0.2563285231590271
28,-0.3055644949304832,-0.42999999999999994,-0.8495471378551508,0.2683310806751251
73,0.6566368732194224,0.47,-0.5898542334582504,0.2909660339355469
71,0.6597362540258498,0.42999999999999994,0.6163181606312923,0.219681516289711
71,0.6597362540258498,0.42999999999999994,0.6163181606312923,0.15672588348388672
83,-0.2152553036362387,0.6700000000000002,-0.7104682640741038,0.23171362280845642
92,0.3335523795842149,0.8500000000000001,0.40772884380885743,0.14887122809886932
79,0.3651293470107336,0.5900000000000001,0.7201253779388108,0.1747741997241974
4,-0.40827033374843424,-0.91,-0.07221727342500583,0.13227799534797668
16,0.567645667942108,-0.6699999999999999,0.478412369892918,0.13915762305259705
4,-0.40827033374843424,-0.91,-0.07221727342500583,0.3787795901298523
82,-0.32879508163366533,0.6500000000000001,0.6851231964351457,0.29175758361816406
90,-0.4196947695184392,0.81,0.4095806397266161,0.2972148358821869
23,0.18611968347547322,-0.53,-0.8273206533279521,0.23823420703411102
80,-0.7416320598954952,0.6100000000000001,-0.27907326589117165,0.19042107462882996
14,-0.40500710772062326,-0.71,0.5760809341540262,0.1409236043691635
43,-0.882136418400414,-0.13,0.45269784551253356,0.12998715043067932
10,0.25986287961937526,-0.79,-0.5553118797540045,0.22483232617378235
0,0.14106735979665894,-0.99,0.0,24908134400.0
37,0.6505500155256161,-0.25,0.7171364425962612,0.6111290454864502
84,0.6226773310637855,0.69,0.369016180375984,0.18482433259487152
51,-0.9918765882863899,0.03000000000000002,0.12361566894755349,0.12049901485443115
19,-0.036602167051348465,-0.61,0.7915556085122163,0.3888877332210541
15,-0.09301724105771997,-0.69,-0.7178076294286723,0.2248176783323288
35,-0.6498970288941589,-0.2899999999999999,0.7025196451591549,0.17991700768470764
41,-0.5248530201618092,-0.16999999999999993,-0.8340439480189442,0.3638724386692047
16,0.567645667942108,-0.6699999999999999,0.478412369892918,0.12757857143878937
71,0.6597362540258498,0.42999999999999994,0.6163181606312923,0.32536956667900085
67,-0.7854445599772734,0.3500000000000001,-0.5104672792668572,0.12421700358390808
79,0.3651293470107336,0.5900000000000001,0.7201253779388108,0.16252800822257996
71,0.6597362540258498,0.42999999999999994,0.6163181606312923,0.17713940143585205
35,-0.6498970288941589,-0.2899999999999999,0.7025196451591549,0.20722509920597076
98,-0.22167278555738984,0.97,0.09980569193802273,0.16729876399040222
8,0.5239190311901138,-0.83,0.19133438989583781,0.14952392876148224
89,0.6128012785524265,0.79,-0.019354405299861974,0.16380363702774048
56,-0.764358245970163,0.13000000000000012,0.6315508465811884,0.16628000140190125
42,0.9535255164458032,-0.15000000000000002,0.26132181211442057,0.14648324251174927
11,0.1909562397791545,-0.77,0.6087985828575869,0.2483176589012146
79,0.3651293470107336,0.5900000000000001,0.7201253779388108,0.47630780935287476
67,-0.7854445599772734,0.3500000000000001,-0.5104672792668572,0.19488196074962616
85,-0.6892192113800709,0.71,0.14448833400878117,0.0965132787823677
52,0.6473587655569581,0.05000000000000004,-0.7605436402051965,0.5066860914230347
9,-0.5420638502883882,-0.81,0.22375607748288703,0.16485707461833954
67,-0.7854445599772734,0.3500000000000001,-0.5104672792668572,0.10573004931211472
14,-0.40500710772062326,-0.71,0.5760809341540262,0.2531604468822479
6,-0.12799834942097849,-0.87,0.4761474798268968,0.1804458200931549
61,-0.3003060579947334,0.22999999999999998,0.9256977214683332,0.14695844054222107
92,0.3335523795842149,0.8500000000000001,0.40772884380885743,0.13559845089912415
29,0.807368470353567,-0.41000000000000003,0.4243302405897338,0.14381028711795807
53,0.03635382764311213,0.07000000000000005,0.9968843459577921,0.2218753546476364
65,0.4464120976654115,0.31000000000000005,-0.8394142237643861,0.2524930536746979
55,0.9926348887829454,0.11000000000000008,0.05075408920343027,0.1421687752008438
52,0.6473587655569581,0.05000000000000004,-0.7605436402051965,0.21498896181583405
23,0.18611968347547322,-0.53,-0.8273206533279521,0.3691847622394562
35,-0.6498970288941589,-0.2899999999999999,0.7025196451591549,0.11795105040073395
30,-0.8904003466173135,-0.39,0.234706673837298,0.20980988442897797
53,0.03635382764311213,0.07000000000000005,0.9968843459577921,0.4540626108646393
66,0.236155718741352,0.33000000000000007,0.9139641549348396,0.16023091971874237
14,-0.40500710772062326,-0.71,0.5760809341540262,0.178324356675148
93,-0.48798376651655784,0.8700000000000001,-0.07051130133753968,0.3136277198791504
58,0.5588657069137133,0.16999999999999993,0.811645933665558,0.2829062342643738
8,0.5239190311901138,-0.83,0.19133438989583781,0.32253697514533997
92,0.3335523795842149,0.8500000000000001,0.40772884380885743,0.17674604058265686
68,0.9163653473089771,0.3700000000000001,-0.15288737767159796,0.14916683733463287
49,-0.20994188111981057,-0.010000000000000018,-0.97766272637954,0.24626903235912323
53,0.03635382764311213,0.07000000000000005,0.9968843459577921,0.31694453954696655
29,0.807368470353567,-0.41000000000000003,0.4243302405897338,0.24145746231079102
86,0.3985067064328888,0.73,-0.5552408530791043,0.21449235081672668
89,0.6128012785524265,0.79,-0.019354405299861974,0.20140936970710754
26,0.8012767453628411,-0.47,-0.370210179952865,0.10447702556848526
27,-0.3447635703729665,-0.44999999999999996,0.8237949262672627,0.2262033075094223
20,-0.5173106427303671,-0.59,-0.6199110411324311,0.2754036486148834
12,-0.5722834231380972,-0.75,-0.3316499413558544,0.26976028084754944
51,-0.9918765882863899,0.03000000000000002,0.12361566894755349,0.19634997844696045
73,0.6566368732194224,0.47,-0.5898542334582504,0.22479671239852905
6,-0.12799834942097849,-0.87,0.4761474798268968,0.15756455063819885
43,-0.882136418400414,-0.13,0.45269784551253356,0.21360817551612854
83,-0.2152553036362387,0.6700000000000002,-0.7104682640741038,0.1292741447687149
69,-0.5673624854052105,0.3900000000000001,0.7252584436977084,0.20869547128677368
47,0.9544174930265714,-0.04999999999999994,-0.2942571137710596,0.20028406381607056
27,-0.3447635703729665,-0.44999999999999996,0.8237949262672627,0.17377956211566925
95,-0.09494092190679554,0.9100000000000001,0.40359165173165745,0.09098639339208603
20,-0.5173106427303671,-0.59,-0.6199110411324311,0.17904910445213318
75,-0.5166785364497933,0.51,-0.6877087246589937,0.24834632873535156
98,-0.22167278555738984,0.97,0.09980569193802273,0.06704331189393997
89,0.6128012785524265,0.79,-0.019354405299861974,0.09731929004192352
17,-0.7592852649071572,-0.6499999999999999,0.03139882951430177,0.22522687911987305
19,-0.036602167051348465,-0.61,0.7915556085122163,0.1799638420343399
9,-0.5420638502883882,-0.81,0.22375607748288703,0.13207173347473145
59,-0.9567823612629455,0.18999999999999995,-0.22015338556584238,0.09264088422060013
64,-0.9021157337031597,0.29000000000000004,0.31951088088703594,0.2079584300518036
40,-0.1757232343349757,-0.18999999999999995,0.9659303002364379,0.34080034494400024
79,0.3651293470107336,0.5900000000000001,0.7201253779388108,0.21270816028118134
53,0.03635382764311213,0.07000000000000005,0.9968843459577921,0.3965044319629669
14,-0.40500710772062326,-0.71,0.5760809341540262,0.19131143391132355
94,0.37680189306717016,0.8900000000000001,-0.2567495538087585,0.2543450593948364
32,0.15866307873945915,-0.35,0.9232150494033967,0.1822410523891449
30,-0.8904003466173135,-0.39,0.234706673837298,0.3631919324398041
97,0.2965381440383456,0.95,0.09780147816006374,0.12850221991539001
70,-0.07087130928303524,0.41000000000000014,-0.9093279152871687,0.1556217223405838
54,-0.6990651512013292,0.09000000000000007,-0.70937149250295,0.41447609663009644
33,-0.7463332015518084,-0.32999999999999996,-0.5780023808440825,0.22047744691371918
74,-0.08467967930963359,0.49,0.8675997648178667,0.416828453540802
0,0.14106735979665894,-0.99,0.0,559118016.0
42,0.9535255164458032,-0.15000000000000002,0.26132181211442057,0.1078719049692154
10,0.25986287961937526,-0.79,-0.5553118797540045,0.1556301862001419
25,-0.8304836655326296,-0.49,-0.2649469405059952,0.28072550892829895
97,0.2965381440383456,0.95,0.09780147816006374,0.11520180851221085
18,0.5504734730017758,-0.63,-0.5477946289635953,0.22076673805713654
81,0.720699071449949,0.6300000000000001,-0.28929716281218687,0.1191871240735054
24,0.42766226127270884,-0.51,0.7463276695146129,0.2757090628147125
20,-0.5173106427303671,-0.59,-0.6199110411324311,0.18494994938373566
5,0.3847191068626957,-0.89,-0.24472680444685596,0.17694057524204254
97,0.2965381440383456,0.95,0.09780147816006374,0.12982213497161865
20,-0.5173106427303671,-0.59,-0.6199110411324311,0.4684416651725769
73,0.6566368732194224,0.47,-0.5898542334582504,0.22800645232200623
18,0.5504734730017758,-0.63,-0.5477946289635953,0.3201698362827301
87,0.078598018292578,0.75,0.6567513620240765,0.17763681709766388
82,-0.32879508163366533,0.6500000000000001,0.6851231964351457,0.25993087887763977
3,0.22363749507608174,-0.9299999999999999,0.2916955104147056,0.1954583376646042
41,-0.5248530201618092,-0.16999999999999993,-0.8340439480189442,0.2303892821073532
76,0.8335538861569624,0.53,0.15584581762955937,0.34329429268836975
91,0.03119864681222026,0.8300000000000001,-0.5568901547316906,0.13788770139217377
57,0.1366167421138219,0.15000000000000013,-0.979201647146391,0.34092071652412415
33,-0.7463332015518084,-0.32999999999999996,-0.5780023808440825,0.322848379611969
9,-0.5420638502883882,-0.81,0.22375607748288703,0.09797880798578262
85,-0.6892192113800709,0.71,0.14448833400878117,0.16350515186786652
37,0.6505500155256161,-0.25,0.7171364425962612,0.30477020144462585
36,0.004697099521205685,-0.27,-0.9628488652203355,0.17356711626052856
47,0.9544174930265714,-0.04999999999999994,-0.2942571137710596,0.15499499440193176
12,-0.5722834231380972,-0.75,-0.3316499413558544,0.2118169516324997
80,-0.7416320598954952,0.6100000000000001,-0.27907326589117165,0.10638517886400223
98,-0.22167278555738984,0.97,0.09980569193802273,0.1503341794013977
46,-0.901439181495355,-0.06999999999999997,-0.4272088506398064,0.0982990488409996
93,-0.48798376651655784,0.8700000000000001,-0.07051130133753968,0.14050181210041046
41,-0.5248530201618092,-0.16999999999999993,-0.8340439480189442,0.1907537579536438
17,-0.7592852649071572,-0.6499999999999999,0.03139882951430177,0.29274022579193115
61,-0.3003060579947334,0.22999999999999998,0.9256977214683332,0.16997599601745605
72,-0.8929860511231916,0.44999999999999996,-0.008712777938673174,0.43182340264320374
66,0.236155718741352,0.33000000000000007,0.9139641549348396,0.3143210709095001
11,0.1909562397791545,-0.77,0.6087985828575869,0.23455801606178284
9,-0.5420638502883882,-0.81,0.22375607748288703,0.10609286278486252
27,-0.3447635703729665,-0.44999999999999996,0.8237949262672627,0.21194900572299957
10,0.25986287961937526,-0.79,-0.5553118797540045,0.1825903356075287
26,0.8012767453628411,-0.47,-0.370210179952865,0.1320226639509201
58,0.5588657069137133,0.16999999999999993,0.811645933665558,0.234774649143219
96,-0.17962342143733764,0.9299999999999999,-0.32067963214264905,0.22282874584197998
47,0.9544174930265714,-0.04999999999999994,-0.2942571137710596,0.2577344477176666
46,-0.901439181495355,-0.06999999999999997,-0.4272088506398064,0.1472136378288269
44,0.34550733637457615,-0.11,-0.9319467154893275,0.2769533395767212
70,-0.07087130928303524,0.41000000000000014,-0.9093279152871687,1.4013559818267822
0,0.14106735979665894,-0.99,0.0,0.1291910856962204
56,-0.764358245970163,0.13000000000000012,0.6315508465811884,0.12274724245071411
38,-0.9690377330644508,-0.22999999999999998,-0.08981019929445755,0.18618237972259521
28,-0.3055644949304832,-0.42999999999999994,-0.8495471378551508,0.2518887519836426
76,0.8335538861569624,0.53,0.15584581762955937,0.1979053020477295
82,-0.32879508163366533,0.6500000000000001,0.6851231964351457,0.16637007892131805
50,0.8152062920736045,0.01,0.5790843646340359,0.20192217826843262
25,-0.8304836655326296,-0.49,-0.2649469405059952,0.15434099733829498
90,-0.4196947695184392,0.81,0.4095806397266161,0.272674024105072
32,0.15866307873945915,-0.35,0.9232150494033967,0.30387982726097107
57,0.1366167421138219,0.15000000000000013,-0.979201647146391,0.5123245120048523
42,0.9535255164458032,-0.15000000000000002,0.26132181211442057,0.18782009184360504
72,-0.8929860511231916,0.44999999999999996,-0.008712777938673174,0.20893602073192596
18,0.5504734730017758,-0.63,-0.5477946289635953,0.1901492327451706
36,0.004697099521205685,-0.27,-0.9628488652203355,0.27011412382125854
74,-0.08467967930963359,0.49,0.8675997648178667,0.22519774734973907
67,-0.7854445599772734,0.3500000000000001,-0.5104672792668572,0.16081488132476807
58,0.5588657069137133,0.16999999999999993,0.811645933665558,0.19693219661712646
0,0.14106735979665894,-0.99,0.0,22449319936.0
54,-0.6990651512013292,0.09000000000000007,-0.70937149250295,0.16223029792308807
13,0.6675062690706619,-0.73,-0.1467493807529188,0.12567314505577087
42,0.9535255164458032,-0.15000000000000002,0.26132181211442057,0.21560052037239075
15,-0.09301724105771997,-0.69,-0.7178076294286723,0.15767821669578552
51,-0.9918765882863899,0.03000000000000002,0.12361566894755349,0.15156909823417664
96,-0.17962342143733764,0.9299999999999999,-0.32067963214264905,0.25837579369544983
30,-0.8904003466173135,-0.39,0.234706673837298,0.19959791004657745
63,0.8863889253260228,0.27,0.37605142342421527,0.11198054254055023
7,-0.24279784123187995,-0.85,-0.4674924687020518,0.348178505897522
87,0.078598018292578,0.75,0.6567513620240765,0.1617988646030426
9,-0.5420638502883882,-0.81,0.22375607748288703,0.840495765209198
98,-0.22167278555738984,0.97,0.09980569193802273,0.1864943653345108
77,-0.7090144449898004,0.55,0.4413598495511404,2.1687397956848145
51,-0.9918765882863899,0.03000000000000002,0.12361566894755349,0.14597803354263306
71,0.6597362540258498,0.42999999999999994,0.6163181606312923,0.2096530646085739
44,0.34550733637457615,-0.11,-0.9319467154893275,0.1992511749267578
30,-0.8904003466173135,-0.39,0.234706673837298,0.12186874449253082
16,0.567645667942108,-0.6699999999999999,0.478412369892918,0.24943338334560394
81,0.720699071449949,0.6300000000000001,-0.28929716281218687,0.1814027726650238
14,-0.40500710772062326,-0.71,0.5760809341540262,0.1529204249382019
56,-0.764358245970163,0.13000000000000012,0.6315508465811884,0.12689842283725739
86,0.3985067064328888,0.73,-0.5552408530791043,0.3679971694946289
13,0.6675062690706619,-0.73,-0.1467493807529188,0.2012055665254593
99,0.055727639237472336,0.99,-0.1295933263135805,0.1291247457265854
72,-0.8929860511231916,0.44999999999999996,-0.008712777938673174,0.3727801442146301
37,0.6505500155256161,-0.25,0.7171364425962612,0.3140648901462555
65,0.4464120976654115,0.31000000000000005,-0.8394142237643861,0.27600526809692383
81,0.720699071449949,0.6300000000000001,-0.28929716281218687,0.1292462944984436
12,-0.5722834231380972,-0.75,-0.3316499413558544,0.13053543865680695
35,-0.6498970288941589,-0.2899999999999999,0.7025196451591549,0.20060525834560394
19,-0.036602167051348465,-0.61,0.7915556085122163,0.20807096362113953
35,-0.6498970288941589,-0.2899999999999999,0.7025196451591549,0.19901888072490692
47,0.9544174930265714,-0.04999999999999994,-0.2942571137710596,0.16778992116451263
9,-0.5420638502883882,-0.81,0.22375607748288703,0.11393985152244568
8,0.5239190311901138,-0.83,0.19133438989583781,0.1348138153553009
0,0.14106735979665894,-0.99,0.0,2883026432.0
25,-0.8304836655326296,-0.49,-0.2649469405059952,0.11651729047298431
2,0.027298673793297194,-0.95,-0.31105430781316495,0.16291506588459015
31,0.5024554327134931,-0.37,-0.7814336428236862,0.2929186522960663
87,0.078598018292578,0.75,0.6567513620240765,0.21932174265384674
35,-0.6498970288941589,-0.2899999999999999,0.7025196451591549,0.2189786285161972
55,0.9926348887829454,0.11000000000000008,0.05075408920343027,0.08450643718242645
15,-0.09301724105771997,-0.69,-0.7178076294286723,0.32366350293159485
50,0.8152062920736045,0.01,0.5790843646340359,0.240777850151062
71,0.6597362540258498,0.42999999999999994,0.6163181606312923,0.2869391441345215
56,-0.764358245970163,0.13000000000000012,0.6315508465811884,0.1869737207889557
50,0.8152062920736045,0.01,0.5790843646340359,0.229628786444664
25,-0.8304836655326296,-0.49,-0.2649469405059952,0.16573327779769897
15,-0.09301724105771997,-0.69,-0.7178076294286723,0.1473630964756012
82,-0.32879508163366533,0.6500000000000001,0.6851231964351457,0.2563285231590271
88,-0.48384468997886504,0.77,-0.41592585394425297,0.1206844374537468
24,0.42766226127270884,-0.51,0.7463276695146129,0.24704809486865997
61,-0.3003060579947334,0.22999999999999998,0.9256977214683332,0.214813232421875
11,0.1909562397791545,-0.77,0.6087985828575869,0.201419398188591
81,0.720699071449949,0.6300000000000001,-0.28929716281218687,0.15262019634246826
11,0.1909562397791545,-0.77,0.6087985828575869,0.17995934188365936
4,-0.40827033374843424,-0.91,-0.07221727342500583,0.12908443808555603
91,0.03119864681222026,0.8300000000000001,-0.5568901547316906,0.2630650997161865
49,-0.20994188111981057,-0.010000000000000018,-0.97766272637954,0.19865043461322784
18,0.5504734730017758,-0.63,-0.5477946289635953,1.4636372327804565
53,0.03635382764311213,0.07000000000000005,0.9968843459577921,0.6408169865608215
33,-0.7463332015518084,-0.32999999999999996,-0.5780023808440825,0.12252318859100342
10,0.25986287961937526,-0.79,-0.5553118797540045,0.1347038596868515
85,-0.6892192113800709,0.71,0.14448833400878117,0.15801982581615448
84,0.6226773310637855,0.69,0.369016180375984,0.11370965838432312
20,-0.5173106427303671,-0.59,-0.6199110411324311,0.14653564989566803
65,0.4464120976654115,0.31000000000000005,-0.8394142237643861,0.2524930536746979
24,0.42766226127270884,-0.51,0.7463276695146129,0.15752632915973663
34,0.9474904324796621,-0.30999999999999994,-0.07849764556662125,0.19737154245376587
11,0.1909562397791545,-0.77,0.6087985828575869,0.24083280563354492
72,-0.8929860511231916,0.44999999999999996,-0.008712777938673174,0.2963793873786926
91,0.03119864681222026,0.8300000000000001,-0.5568901547316906,0.314616858959198
34,0.9474904324796621,-0.30999999999999994,-0.07849764556662125,0.1849808394908905
88,-0.48384468997886504,0.77,-0.41592585394425297,0.44241273403167725
96,-0.17962342143733764,0.9299999999999999,-0.32067963214264905,0.1654561460018158
97,0.2965381440383456,0.95,0.09780147816006374,0.16293968260288239
62,-0.401811450411341,0.25,-0.8809356153081419,0.20161737501621246
42,0.9535255164458032,-0.15000000000000002,0.26132181211442057,0.21785151958465576
73,0.6566368732194224,0.47,-0.5898542334582504,0.1449701488018036
72,-0.8929860511231916,0.44999999999999996,-0.008712777938673174,0.13391289114952087
90,-0.4196947695184392,0.81,0.4095806397266161,0.2119133472442627
87,0.078598018292578,0.75,0.6567513620240765,0.16692493855953217
41,-0.5248530201618092,-0.16999999999999993,-0.8340439480189442,0.2583860456943512
67,-0.7854445599772734,0.3500000000000001,-0.5104672792668572,0.18684297800064087
61,-0.3003060579947334,0.22999999999999998,0.9256977214683332,0.30445560812950134
86,0.3985067064328888,0.73,-0.5552408530791043,0.2724091410636902
88,-0.48384468997886504,0.77,-0.41592585394425297,0.1753578782081604
67,-0.7854445599772734,0.3500000000000001,-0.5104672792668572,0.2531527280807495
91,0.03119864681222026,0.8300000000000001,-0.5568901547316906,0.13610920310020447
74,-0.08467967930963359,0.49,0.8675997648178667,0.16505862772464752
30,-0.8904003466173135,-0.39,0.234706673837298,0.15584544837474823
90,-0.4196947695184392,0.81,0.4095806397266161,0.2122529298067093
99,0.055727639237472336,0.99,-0.1295933263135805,0.93112713098526
55,0.9926348887829454,0.11000000000000008,0.05075408920343027,0.07659995555877686
40,-0.1757232343349757,-0.18999999999999995,0.9659303002364379,0.14723138511180878
89,0.6128012785524265,0.79,-0.019354405299861974,0.13558880984783173
36,0.004697099521205685,-0.27,-0.9628488652203355,0.29250091314315796
68,0.9163653473089771,0.3700000000000001,-0.15288737767159796,0.557655930519104
34,0.9474904324796621,-0.30999999999999994,-0.07849764556662125,0.13013197481632233
88,-0.48384468997886504,0.77,-0.41592585394425297,0.19572100043296814
31,0.5024554327134931,-0.37,-0.7814336428236862,0.23559296131134033
3,0.22363749507608174,-0.9299999999999999,0.2916955104147056,0.1309260129928589
82,-0.32879508163366533,0.6500000000000001,0.6851231964351457,0.15523459017276764
98,-0.22167278555738984,0.97,0.09980569193802273,0.08695630729198456
31,0.5024554327134931,-0.37,-0.7814336428236862,0.28050023317337036
58,0.5588657069137133,0.16999999999999993,0.811645933665558,0.2060026228427887
4,-0.40827033374843424,-0.91,-0.07221727342500583,0.15905798971652985
37,0.6505500155256161,-0.25,0.7171364425962612,0.21439260244369507
81,0.720699071449949,0.6300000000000001,-0.28929716281218687,0.17487387359142303
78,0.22103383354893766,0.5700000000000001,-0.7913558266839642,0.18618926405906677
16,0.567645667942108,-0.6699999999999999,0.478412369892918,0.1384175717830658
79,0.3651293470107336,0.5900000000000001,0.7201253779388108,0.2917729914188385
97,0.2965381440383456,0.95,0.09780147816006374,0.24042271077632904
66,0.236155718741352,0.33000000000000007,0.9139641549348396,0.2570473849773407
91,0.03119864681222026,0.8300000000000001,-0.5568901547316906,0.16345876455307007
36,0.004697099521205685,-0.27,-0.9628488652203355,0.25039881467819214
54,-0.6990651512013292,0.09000000000000007,-0.70937149250295,0.13092242181301117
93,-0.48798376651655784,0.8700000000000001,-0.07051130133753968,0.11250162124633789
34,0.9474904324796621,-0.30999999999999994,-0.07849764556662125,0.19342529773712158
5,0.3847191068626957,-0.89,-0.24472680444685596,0.10336869210004807
0,0.14106735979665894,-0.99,0.0,0.09748069196939468
8,0.5239190311901138,-0.83,0.19133438989583781,0.12884584069252014
72,-0.8929860511231916,0.44999999999999996,-0.008712777938673174,0.19015589356422424
61,-0.3003060579947334,0.22999999999999998,0.9256977214683332,0.18227273225784302
50,0.8152062920736045,0.01,0.5790843646340359,0.17311272025108337
62,-0.401811450411341,0.25,-0.8809356153081419,0.20475392043590546
15,-0.09301724105771997,-0.69,-0.7178076294286723,0.24762606620788574
61,-0.3003060579947334,0.22999999999999998,0.9256977214683332,0.2019324004650116
3,0.22363749507608174,-0.9299999999999999,0.2916955104147056,0.1984872817993164
98,-0.22167278555738984,0.97,0.09980569193802273,0.18099945783615112
13,0.6675062690706619,-0.73,-0.1467493807529188,0.1512162685394287
12,-0.5722834231380972,-0.75,-0.3316499413558544,0.14116793870925903
53,0.03635382764311213,0.07000000000000005,0.9968843459577921,0.2552185356616974
20,-0.5173106427303671,-0.59,-0.6199110411324311,0.22417742013931274
98,-0.22167278555738984,0.97,0.09980569193802273,0.1220536008477211
6,-0.12799834942097849,-0.87,0.4761474798268968,0.11198046803474426
64,-0.9021157337031597,0.29000000000000004,0.31951088088703594,0.13373342156410217
5,0.3847191068626957,-0.89,-0.24472680444685596,0.136857271194458
19,-0.036602167051348465,-0.61,0.7915556085122163,0.3392219841480255
39,0.7787972701490786,-0.20999999999999996,-0.5910793618528254,0.39890867471694946
20,-0.5173106427303671,-0.59,-0.6199110411324311,0.1592305451631546
17,-0.7592852649071572,-0.6499999999999999,0.03139882951430177,0.15891815721988678
64,-0.9021157337031597,0.29000000000000004,0.31951088088703594,0.2530457377433777
99,0.055727639237472336,0.99,-0.1295933263135805,0.2800019085407257
74,-0.08467967930963359,0.49,0.8675997648178667,0.21245120465755463
81,0.720699071449949,0.6300000000000001,-0.28929716281218687,0.20909860730171204
23,0.18611968347547322,-0.53,-0.8273206533279521,0.4782264828681946
55,0.9926348887829454,0.11000000000000008,0.05075408920343027,0.08273626863956451
81,0.720699071449949,0.6300000000000001,-0.28929716281218687,0.20909860730171204
75,-0.5166785364497933,0.51,-0.6877087246589937,0.41294384002685547
40,-0.1757232343349757,-0.18999999999999995,0.9659303002364379,0.21733815968036652
87,0.078598018292578,0.75,0.6567513620240765,0.2166493684053421
82,-0.32879508163366533,0.6500000000000001,0.6851231964351457,0.3055679500102997
9,-0.5420638502883882,-0.81,0.22375607748288703,0.2280815690755844
9,-0.5420638502883882,-0.81,0.22375607748288703,0.6430895924568176
22,-0.6855518693235865,-0.55,0.4769891345376079,0.10935987532138824
80,-0.7416320598954952,0.6100000000000001,-0.27907326589117165,0.24584545195102692
43,-0.882136418400414,-0.13,0.45269784551253356,0.21728280186653137
49,-0.20994188111981057,-0.010000000000000018,-0.97766272637954,0.16165807843208313
32,0.15866307873945915,-0.35,0.9232150494033967,0.23808909952640533
27,-0.3447635703729665,-0.44999999999999996,0.8237949262672627,0.28182992339134216
43,-0.882136418400414,-0.13,0.45269784551253356,0.11610127985477448
24,0.42766226127270884,-0.51,0.7463276695146129,0.3028871715068817
61,-0.3003060579947334,0.22999999999999998,0.9256977214683332,0.3050380051136017
51,-0.9918765882863899,0.03000000000000002,0.12361566894755349,0.20191073417663574
89,0.6128012785524265,0.79,-0.019354405299861974,0.18749603629112244
43,-0.882136418400414,-0.13,0.45269784551253356,0.14733096957206726
49,-0.20994188111981057,-0.010000000000000018,-0.97766272637954,0.14815421402454376
40,-0.1757232343349757,-0.18999999999999995,0.9659303002364379,0.22393545508384705
17,-0.7592852649071572,-0.6499999999999999,0.03139882951430177,0.17132623493671417
34,0.9474904324796621,-0.30999999999999994,-0.07849764556662125,0.13744845986366272
92,0.3335523795842149,0.8500000000000001,0.40772884380885743,0.11589915305376053
50,0.8152062920736045,0.01,0.5790843646340359,0.17183680832386017
